200
44 58 111 182
00000000000000000000000000000000000000000000000000000000000000000000000000000000000000000000000000000000000000000000000000000000000000000000000000000000000000000000000000000000000000000000000000000000
00000000000000000000000000000000000000000000000000000000000000000000000000000000000000000000000000000000000000000000000000000000000000000000000000000000000000000000000000000000000000000000000000000000
00000000000000000000000000000000000000000000000000000000000000000000000000000000000000000000000000000000000000000000000000000000000000000000000000000000000000000000000000000000000000000000000000000000
00000000000000000000000000000000000000000000000000000000000000000000000000000000000000000000000000000000000000000000000000000000000000000000000000000000000000000000000000000000000000000000000000000000
00000000000000000000000000000000000000000000000000000000000000000000000000000000000000000000000000000000000000000000000000000000000000000000000000000000000000000000000000000000000000000000000000000000
00000000000000000000000000000000000000000000000000000000000000000000000000000000000000000000000000000000000000000000000000000000000000000000000000000000000000000000000000000000000000000000000000000000
00000000000000000000000000000000000000000000000000000000000000000000000000000000000000000000000000000000000000000000000000000000000000000000000000000000000000000000000000000000000000000000000000000000
00000000000000000000000000000000000000000000000000000000000000000000000000000000000000000000000000000000000000000000000000000000000000000000000000000000000000000000000000000000000000000000000000000000
00000000000000000000000000000000000000000000000000000000000000000000000000000000000000000000000000000000000000000000000000000000000000000000000000000000000000000000000000000000000000000000000000000000
00000000000000000000000000000000000000000000000000000000000000000000000000000000000000000000000000000000000000000000000000000000000000000000000000000000000000000000000000000000000000000000000000000000
00000000000000000000000000000000000000000000000000000000000000000000000000000000000000000000000000000000000000000000000000000000000000000000000000000000000000000000000000000000000000000000000000000000
00000000000000000000000000000000000000000000000000000000000000000000000000000000000000000000000000000000000000000000000000000000000000000000000000000000000000000000000000000000000000000000000000000000
00000000000000000000000000000000000000000000000000000000000000000000000000000000000000000000000000000000000000000000000000000000000000000000000000000000000000000000000000000000000000000000000000000000
00011111111000000000000000000000000000000000000000000000000000000000000000000000000000111111111110000000000000000000000000001111111111110000000000000000000000000000000000000000000000000000000000000000
00011111111000000000000000000000000000000000000000000000000000000000000000000000000000111111111110000000000000000000000000001111111111110000000000000000000000000000000000000000000000000000000000000000
00000000111000000000000000000000000000000000000000000000000000000000000000000000000000000000001110000000000000000000000000000000000001110000000000000000000000000000000000000000000000000000000000000000
00000000111000000000000000000000000000000000000000000000000000000000000000000000000000000000000110000000000000000000000000000000000001110000000000000000000000000000000000000000000000000000000000000000
00000000111000000000000000000000000000000000000000000000000000000000000000000000000000000000000110000000000000000000000000000000000001110000000000000000000000000000000000000000000000000000000000000000
00000000111000000000000000000000000000000000000000000000000000000000000000000000000000000000000110000000000000000000000000000000000001110000000000000000000000000000000000000000000000000000000000000000
00000000111000000000000000000000000000000000000000000000000000000000000000000000000000000000000110000000000000000000000000000000000001110000000000000000000000000000000000000000000000000000000000000000
00000000111000000000000000000000000000000000000000000000000000000000000000000000000000000000000110000000000000000000000000000000000001110000000000000000000000000000000000000000000000000000000000000000
00000000111000000000000000000000000000000000000000000000000000000000000000000000000000000000000110000000000000000000000000000000000001110000000000000000000000000000000000000000000000000000000000000000
00000000111000000000000000000000000000000000000000000000000000000000000000000000000000000000000110000000000000000000000000000000000001110000000000000000000000000000000000000000000000000000000000000000
00000000111000000000000000000000000000000000000000000000000000000000000000000000000000000000000110000000000000000000000000000000000001110000000000000000000000000000000000000000000000000000000000000000
00000000111000001111111110000000000000000000000000001111111111000000000000000000000000000000000110000000000000000000000000000000000001110000000000000000000000000000000011111111110000000000000000000000
00000000111000111111111111100000000000000000000000111111111111110000000000000000000000000000000110000000000000000000000000000000000001110000000000000000000000000000001111111111111100000000000000000000
00000000111001111110011111110000000000000000000011111111000111111100000000000000000000000000000110000000000000000000000000000000000001110000000000000000000000000000111111110011111111000000000000000000
00000000111011110000000001111000000000000000000111110000000000011110000000000000000000000000000110000000000000000000000000000000000001110000000000000000000000000001111100000000001111100000000000000000
00000000111111000000000000111100000000000000001111000000000000001111000000000000000000000000000110000000000000000000000000000000000001110000000000000000000000000011110000000000000011110000000000000000
00000000111110000000000000011100000000000000011110000000000000000011100000000000000000000000000110000000000000000000000000000000000001110000000000000000000000000111100000000000000001111000000000000000
00000000111100000000000000011100000000000000111100000000000000000001110000000000000000000000000110000000000000000000000000000000000001110000000000000000000000000111000000000000000000111000000000000000
00000000111000000000000000001110000000000000111000000000000000000001110000000000000000000000000110000000000000000000000000000000000001110000000000000000000000001110000000000000000000011100000000000000
00000000111000000000000000001110000000000001110000000000000000000000111000000000000000000000000110000000000000000000000000000000000001110000000000000000000000011100000000000000000000011100000000000000
00000000111000000000000000001110000000000001110000000000000000000000111000000000000000000000000110000000000000000000000000000000000001110000000000000000000000011100000000000000000000001110000000000000
00000000111000000000000000001110000000000001110000000000000000000000011000000000000000000000000110000000000000000000000000000000000001110000000000000000000000011100000000000000000000001110000000000000
00000000111000000000000000001110000000000001100000000000000000000000011100000000000000000000000110000000000000000000000000000000000001110000000000000000000000011000000000000000000000000110000000000000
00000000111000000000000000001110000000000001111111111111111111111111111100000000000000000000000110000000000000000000000000000000000001110000000000000000000000111000000000000000000000000110000000000000
00000000111000000000000000001110000000000001111111111111111111111111111100000000000000000000000110000000000000000000000000000000000001110000000000000000000000111000000000000000000000000111000000000000
00000000111000000000000000001110000000000001111111111111111111111111111000000000000000000000000110000000000000000000000000000000000001110000000000000000000000111000000000000000000000000111000000000000
00000000111000000000000000001110000000000001100000000000000000000000000000000000000000000000000110000000000000000000000000000000000001110000000000000000000000111000000000000000000000000110000000000000
00000000111000000000000000001110000000000001110000000000000000000000000000000000000000000000000110000000000000000000000000000000000001110000000000000000000000011000000000000000000000000110000000000000
00000000111000000000000000001110000000000001110000000000000000000000000000000000000000000000000110000000000000000000000000000000000001110000000000000000000000011000000000000000000000001110000000000000
00000000111000000000000000001110000000000001110000000000000000000000000000000000000000000000000110000000000000000000000000000000000001110000000000000000000000011100000000000000000000001110000000000000
00000000111000000000000000001110000000000000111000000000000000000000000000000000000000000000000110000000000000000000000000000000000001110000000000000000000000011100000000000000000000001110000000000000
00000000111000000000000000001110000000000000111000000000000000000000000000000000000000000000000110000000000000000000000000000000000001110000000000000000000000001110000000000000000000011100000000000000
00000000111000000000000000001110000000000000011100000000000000000000000000000000000000000000000110000000000000000000000000000000000001110000000000000000000000001111000000000000000000111100000000000000
00000000111000000000000000001110000000000000001110000000000000000000011000000000000000000000000110000000000000000000000000000000000001110000000000000000000000000111100000000000000001111000000000000000
00000000111000000000000000001110000000000000000111000000000000000001111000000000000000000000000110000000000000000000000000000000000001110000000000000000000000000011110000000000000011110000000000000000
00000000111000000000000000001110000000000000000011110000000000000111111000000000000000000000001110000000000000000000000000000000000001110000000000000000000000000001111000000000001111100000000000000000
00011111111111100000000011111111111000000000000001111110000001111111100000000000000111111111111111111111111110000000000000111111111111111111111111110000000000000000111111000000111111000000000000000000
00011111111111100000000111111111111000000000000000111111111111111110000000000000000111111111111111111111111110000000000000111111111111111111111111110000000000000000001111111111111100000000000000000000
00000000000000000000000000000000000000000000000000000111111111110000000000000000000000000000000000000000000000000000000000000000000000000000000000000000000000000000000011111111110000000000000000000000
00000000000000000000000000000000000000000000000000000000000000000000000000000000000000000000000000000000000000000000000000000000000000000000000000000000000000000000000000000000000000000000000000000000
00000000000000000000000000000000000000000000000000000000000000000000000000000000000000000000000000000000000000000000000000000000000000000000000000000000000000000000000000000000000000000000000000000000
00000000000000000000000000000000000000000000000000000000000000000000000000000000000000000000000000000000000000000000000000000000000000000000000000000000000000000000000000000000000000000000000000000000
00000000000000000000000000000000000000000000000000000000000000000000000000000000000000000000000000000000000000000000000000000000000000000000000000000000000000000000000000000000000000000000000000000000
00000000000000000000000000000000000000000000000000000000000000000000000000000000000000000000000000000000000000000000000000000000000000000000000000000000000000000000000000000000000000000000000000000000
00000000000000000000000000000000000000000000000000000000000000000000000000000000000000000000000000000000000000000000000000000000000000000000000000000000000000000000000000000000000000000000000000000000
00000000000000000000000000000000000000000000000000000000000000000000000000000000000000000000000000000000000000000000000000000000000000000000000000000000000000000000000000000000000000000000000000000000
00000000000000000000000000000000000000000000000000000000000000000000000000000000000000000000000000000000000000000000000000000000000000000000000000000000000000000000000000000000000000000000000000000000
00000000000000000000000000000000000000000000000000000000000000000000000000000000000000000000000000000000000000000000000000000000000000000000000000000000000000000000000000000000000000000000000000000000
00000000000000000000000000000000000000000000000000000000000000000000000000000000000000000000000000000000000000000000000000000000000000000000000000000000000000000000000000000000000000000000000000000000
00000000000000000000000000000000000000000000000000000000000000000000000000000000000000000000000000000000000000000000000000000000000000000000000000000000000000000000000000000000000000000000000000000000
00000000000000000000000000000000000000000000000000000000000000000000000000000000000000000000000000000000000000000000000000000000000000000000000000000000000000000000000000000000000000000000000000000000
00000000000000000000000000000000000000000000000000000000000000000000000000000000000000000000000000000000000000000000000000000000000000000000000000000000000000000000000000000000000000000000000000000000
00000000000000000000000000000000000000000000000000000000000000000000000000000000000000000000000000000000000000000000000000000000000000000000000000000000000000000000000000000000000000000000000000000000
00000000000000000000000000000000000000000000000000000000000000000000000000000000000000000000000000000000000000000000000000000000000000000000000000000000000000000000000000000000000000000000000000000000
00000000000000000000000000000000000000000000000000000000000000000000000000000000000000000000000000000000000000000000000000000000000000000000000000000000000000000000000000000000000000000000000000000000
00000000000000000000000000000000000000000000000000000000000000000000000000000000000000000000000000000000000000000000000000000000000000000000000000000000000000000000000000000000000000000000000000000000
00000000000000000000000000000000000000000000000000000000000000000000000000000000000000000000000000000000000000000000000000000000000000000000000000000000000000000000000000000000000000000000000000000000
00000000000000000000000000000000000000000000000000000000000000000000000000000000000000000000000000000000000000000000000000000000000000000000000000000000000000000000000000000000000000000000000000000000
00000000000000000000000000000000000000000000000000000000000000000000000000000000000000000000000000000000000000000000000000000000000000000000000000000000000000000000000000000000000000000000000000000000
00000000000000000000000000000000000000000000000000000000000000000000000000000000000000000000000000000000000000000000000000000000000000000000000000000000000000000000000000000000000000000000000000000000
00000000000000000000000000000000000000000000000000000000000000000000000000000000000000000000000000000000000000000000000000000000000000000000000000000000000000000000000000000000000000000000000000000000
00000000000000000000000000000000000000000000000000000000000000000000000000000000000000000000000000000000000000000000000000000000000000000000000000000000000000000000000000000000000000000000000000000000
00000000000000000000000000000000000000000000000000000000000000000000000000000000000000000000000000000000000000000000000000000000000000000000000000000000000000000000000000000000000000000000000000000000
00000000000000000000000000000000000000000000000000000000000000000000000000000000000000000000000000000000000000000000000000000011111111110000000000000000000000000000000000000000000111111000000000000000
00000000000000000000000000000000000000000000000000000000000000000000000000000000000000000000000000000000000000000000000000001111111111110000000000000000000000000000000000000000001111111100000000000000
00000000000000000000000000000000000000000000000000000000000000000000000000000000000000000000000000000000000000000000000000001111111111110000000000000000000000000000000000000000001111111100000000000000
00000000000000000000000000000000000000000000000000000000000000000000000000000000000000000000000000000000000000000000000000000000000001110000000000000000000000000000000000000000000000011100000000000000
00000000000000000000000000000000000000000000000000000000000000000000000000000000000000000000000000000000000000000000000000000000000001110000000000000000000000000000000000000000000000011100000000000000
00000000000000000000000000000000000000000000000000000000000000000000000000000000000000000000000000000000000000000000000000000000000001110000000000000000000000000000000000000000000000011100000000000000
00000000000000000000000000000000000000000000000000000000000000000000000000000000000000000000000000000000000000000000000000000000000001110000000000000000000000000000000000000000000000011100000000000000
00000000000000000000000000000000000000000000000000000000000000000000000000000000000000000000000000000000000000000000000000000000000001110000000000000000000000000000000000000000000000011100000000000000
00000000000000000000000000000000000000000000000000000000000000000000000000000000000000000000000000000000000000000000000000000000000001110000000000000000000000000000000000000000000000011100000000000000
00000000000000000000000000000000000000000000000000000000000000000000000000000000000000000000000000000000000000000000000000000000000001110000000000000000000000000000000000000000000000011100000000000000
00000000000000000000000000000000000000000000000000000000000000000000000000000000000000000000000000000000000000000000000000000000000001110000000000000000000000000000000000000000000000011100000000000000
00000000000000000000000000000000000000000000000000000000000000000000000000000000000000000000000000000000000000000000000000000000000001110000000000000000000000000000000000000000000000011100000000000000
00011111111000000000000000011111111000000000000000001111111111100000000000000000000001111111000000000011111100000000000000000000000001110000000000000000000000000000000111111111100000011100000000000000
00111111111100000000000000111111111100000000000000111111111111111000000000000000000011111111100000001111111111000000000000000000000001110000000000000000000000000000011111111111111000011100000000000000
00111111111100000000000000111111111100000000000001111110000001111110000000000000000011111111100000111111001111100000000000000000000001110000000000000000000000000001111110000001111100011100000000000000
00000111000000000000000000000001110000000000000011110000000000011111000000000000000000000011100001111000000011110000000000000000000001110000000000000000000000000011110000000000011110011100000000000000
00000111000000000000000000000001100000000000000111000000000000000111100000000000000000000011100111110000000001100000000000000000000001110000000000000000000000000111100000000000000111011100000000000000
00000111000000000000000000000011100000000000001110000000000000000011110000000000000000000011101111000000000000000000000000000000000001110000000000000000000000001111000000000000000011111100000000000000
00000011000000000000000000000011100000000000011100000000000000000001110000000000000000000011111110000000000000000000000000000000000001110000000000000000000000001110000000000000000001111100000000000000
00000011000000000011100000000011100000000000011100000000000000000000111000000000000000000011111100000000000000000000000000000000000001110000000000000000000000011100000000000000000001111100000000000000
00000011100000000111100000000011000000000000111000000000000000000000111000000000000000000011111000000000000000000000000000000000000001110000000000000000000000011100000000000000000000111100000000000000
00000011100000000111110000000111000000000000111000000000000000000000011100000000000000000011110000000000000000000000000000000000000001110000000000000000000000111000000000000000000000111100000000000000
00000001100000001111110000000111000000000001110000000000000000000000011100000000000000000011100000000000000000000000000000000000000001110000000000000000000000111000000000000000000000011100000000000000
00000001100000001110110000000111000000000001110000000000000000000000011100000000000000000011100000000000000000000000000000000000000001110000000000000000000000111000000000000000000000011100000000000000
00000001100000001110111000000110000000000001110000000000000000000000001100000000000000000011100000000000000000000000000000000000000001110000000000000000000000110000000000000000000000011100000000000000
00000001110000011100111000000110000000000001110000000000000000000000001100000000000000000011100000000000000000000000000000000000000001110000000000000000000000110000000000000000000000011100000000000000
00000001110000011100011000001110000000000001110000000000000000000000001100000000000000000011100000000000000000000000000000000000000001110000000000000000000000110000000000000000000000011100000000000000
00000000110000011000011100001110000000000001110000000000000000000000001100000000000000000011100000000000000000000000000000000000000001110000000000000000000000111000000000000000000000011100000000000000
00000000110000111000011100001110000000000001110000000000000000000000011100000000000000000011100000000000000000000000000000000000000001110000000000000000000000111000000000000000000000011100000000000000
00000000111000111000001100001100000000000000110000000000000000000000011100000000000000000011100000000000000000000000000000000000000001110000000000000000000000111000000000000000000000011100000000000000
00000000111000110000001110001100000000000000111000000000000000000000011100000000000000000011100000000000000000000000000000000000000001110000000000000000000000011000000000000000000000111100000000000000
00000000011001110000001110011100000000000000111000000000000000000000111000000000000000000011100000000000000000000000000000000000000001110000000000000000000000011100000000000000000000111100000000000000
00000000011001110000000110011100000000000000011100000000000000000000111000000000000000000011100000000000000000000000000000000000000001110000000000000000000000011100000000000000000001111100000000000000
00000000011101100000000111011000000000000000011110000000000000000001110000000000000000000011100000000000000000000000000000000000000001110000000000000000000000001110000000000000000011111100000000000000
00000000011111100000000111011000000000000000001111000000000000000011100000000000000000000011100000000000000000000000000000000000000001110000000000000000000000000111000000000000000011011100000000000000
00000000011111100000000011111000000000000000000111100000000000001111100000000000000000000011100000000000000000000000000000000000000001110000000000000000000000000111100000000000001111011100000000000000
00000000001111000000000011111000000000000000000011111000000000011110000000000000000011111111111111111111000000000000000000011111111111111111111111000000000000000011111000000000011110011111100000000000
00000000001111000000000011111000000000000000000001111111101111111100000000000000001111111111111111111111110000000000000001111111111111111111111111110000000000000000111111101111111100011111111000000000
00000000001111000000000001110000000000000000000000011111111111111000000000000000001111111111111111111111110000000000000000111111111111111111111111110000000000000000011111111111110000011111111000000000
00000000000000000000000000000000000000000000000000000111111111000000000000000000000000000000000000000000000000000000000000000000000000000000000000000000000000000000000111111111000000000000000000000000
00000000000000000000000000000000000000000000000000000000000000000000000000000000000000000000000000000000000000000000000000000000000000000000000000000000000000000000000000000000000000000000000000000000
00000000000000000000000000000000000000000000000000000000000000000000000000000000000000000000000000000000000000000000000000000000000000000000000000000000000000000000000000000000000000000000000000000000
00000000000000000000000000000000000000000000000000000000000000000000000000000000000000000000000000000000000000000000000000000000000000000000000000000000000000000000000000000000000000000000000000000000
00000000000000000000000000000000000000000000000000000000000000000000000000000000000000000000000000000000000000000000000000000000000000000000000000000000000000000000000000000000000000000000000000000000
00000000000000000000000000000000000000000000000000000000000000000000000000000000000000000000000000000000000000000000000000000000000000000000000000000000000000000000000000000000000000000000000000000000
00000000000000000000000000000000000000000000000000000000000000000000000000000000000000000000000000000000000000000000000000000000000000000000000000000000000000000000000000000000000000000000000000000000
00000000000000000000000000000000000000000000000000000000000000000000000000000000000000000000000000000000000000000000000000000000000000000000000000000000000000000000000000000000000000000000000000000000
00000000000000000000000000000000000000000000000000000000000000000000000000000000000000000000000000000000000000000000000000000000000000000000000000000000000000000000000000000000000000000000000000000000
00000000000000000000000000000000000000000000000000000000000000000000000000000000000000000000000000000000000000000000000000000000000000000000000000000000000000000000000000000000000000000000000000000000
00000000000000000000000000000000000000000000000000000000000000000000000000000000000000000000000000000000000000000000000000000000000000000000000000000000000000000000000000000000000000000000000000000000
00000000000000000000000000000000000000000000000000000000000000000000000000000000000000000000000000000000000000000000000000000000000000000000000000000000000000000000000000000000000000000000000000000000
00000000000000000000000000000000000000000000000000000000000000000000000000000000000000000000000000000000000000000000000000000000000000000000000000000000000000000000000000000000000000000000000000000000
00000000000000000000000000000000000000000000000000000000000000000000000000000000000000000000000000000000000000000000000000000000000000000000000000000000000000000000000000000000000000000000000000000000
00000000000000000000000000000000000000000000000000000000000000000000000000000000000000000000000000000000000000000000000000000000000000000000000000000000000000000000000000000000000000000000000000000000
00000000000000000000000000000000000000000000000000000000000000000000000000000000000000000000000000000000000000000000000000000000000000000000000000000000000000000000000000000000000000000000000000000000
00000000000000000000000000000000000000000000000000000000000000000000000000000000000000000000000000000000000000000000000000000000000000000000000000000000000000000000000000000000000000000000000000000000
00000000000000000000000000000000000000000000000000000000000000000000000000000000000000000000000000000000000000000000000000000000000000000000000000000000000000000000000000000000000000000000000000000000
00000000000000000000000000000000000000000000000000000000000000000000000000000000000000000000000000000000000000000000000000000000000000000000000000000000000000000000000000000000000000000000000000000000
00000000000000000000000000000000000000000000000000000000000000000000000000000000000000000000000000000000000000000000000000000000000000000000000000000000000000000000000000000000000000000000000000000000
00000000000000000000000000000000000000000000000000000000000000000000000000000000000000000000000000000000000000000000000000000000000000000000000000000000000000000000000000000000000000000000000000000000
00000000000000000000000000000000000000000000000000000000000000000000000000000000000000000000000000000000000000000000000000000000000000000000000000000000000000000000000000000000000000000000000000000000
00000000000000000000000000000000000000000000000000000000000000000000000000000000000000000000000000000000000000000000000000000000000000000000000000000000000000000000000000000000000000000000000000000000
00000000000000000000000000000000000000000000000000000000000000000000000000000000000000000000000000000000000000000000000000000000000000000000000000000000000000000000000000000000000000000000000000000000
00000000000000000000000000000000000000000000000000000000000000000000000000000000000000000000000000000000000000000000000000000000000000000000000000000000000000000000000000000000000000000000000000000000
00000000000000000000000000000000000000000000000000000000000000000000000000000000000000000000000000000000000000000000000000000000000000000000000000000000000000000000000000000000000000000000000000000000
00000000000000000000000000000000000000000000000000000000000000000000000000000000000000000000000000000000000000000000000000000000000000000000000000000000000000000000000000000000000000000000000000000000
00000000000000000000000000000000000000000000000000000000000000000000000000000000000000000000000000000000000000000000000000000000000000000000000000000000000000000000000000000000000000000000000000000000
00000000000000000000000000000000000000000000000000000000000000000000000000000000000000000000000000000000000000000000000000000000000000000000000000000000000000000000000000000000000000000000000000000000
00000000000000000000000000000000000000000000000000000000000000000000000000000000000000000000000000000000000000000000000000000000000000000000000000000000000000000000000000000000000000000000000000000000
00000000000000000000000000000000000000000000000000000000000000000000000000000000000000000000000000000000000000000000000000000000000000000000000000000000000000000000000000000000000000000000000000000000
00000000000000000000000000000000000000000000000000000000000000000000000000000000000000000000000000000000000000000000000000000000000000000000000000000000000000000000000000000000000000000000000000000000
00000000000000000000000000000000000000000000000000000000000000000000000000000000000000000000000000000000000000000000000000000000000000000000000000000000000000000000000000000000000000000000000000000000
00000000000000000000000000000000000000000000000000000000000000000000000000000000000000000000000000000000000000000000000000000000000000000000000000000000000000000000000000000000000000000000000000000000
00000000000000000000000000000000000000000000000000000000000000000000000000000000000000000000000000000000000000000000000000000000000000000000000000000000000000000000000000000000000000000000000000000000
00000000000000000000000000000000000000000000000000000000000000000000000000000000000000000000000000000000000000000000000000000000000000000000000000000000000000000000000000000000000000000000000000000000
00000000000000000000000000000000000000000000000000000000000000000000000000000000000000000000000000000000000000000000000000000000000000000000000000000000000000000000000000000000000000000000000000000000
00000000000000000000000000000000000000000000000000000000000000000000000000000000000000000000000000000000000000000000000000000000000000000000000000000000000000000000000000000000000000000000000000000000
00000000000000000000000000000000000000000000000000000000000000000000000000000000000000000000000000000000000000000000000000000000000000000000000000000000000000000000000000000000000000000000000000000000
00000000000000000000000000000000000000000000000000000000000000000000000000000000000000000000000000000000000000000000000000000000000000000000000000000000000000000000000000000000000000000000000000000000
00000000000000000000000000000000000000000000000000000000000000000000000000000000000000000000000000000000000000000000000000000000000000000000000000000000000000000000000000000000000000000000000000000000
00000000000000000000000000000000000000000000000000000000000000000000000000000000000000000000000000000000000000000000000000000000000000000000000000000000000000000000000000000000000000000000000000000000
00000000000000000000000000000000000000000000000000000000000000000000000000000000000000000000000000000000000000000000000000000000000000000000000000000000000000000000000000000000000000000000000000000000
00000000000000000000000000000000000000000000000000000000000000000000000000000000000000000000000000000000000000000000000000000000000000000000000000000000000000000000000000000000000000000000000000000000
00000000000000000000000000000000000000000000000000000000000000000000000000000000000000000000000000000000000000000000000000000000000000000000000000000000000000000000000000000000000000000000000000000000
00000000000000000000000000000000000000000000000000000000000000000000000000000000000000000000000000000000000000000000000000000000000000000000000000000000000000000000000000000000000000000000000000000000
00000000000000000000000000000000000000000000000000000000000000000000000000000000000000000000000000000000000000000000000000000000000000000000000000000000000000000000000000000000000000000000000000000000
00000000000000000000000000000000000000000000000000000000000000000000000000000000000000000000000000000000000000000000000000000000000000000000000000000000000000000000000000000000000000000000000000000000
00000000000000000000000000000000000000000000000000000000000000000000000000000000000000000000000000000000000000000000000000000000000000000000000000000000000000000000000000000000000000000000000000000000
00000000000000000000000000000000000000000000000000000000000000000000000000000000000000000000000000000000000000000000000000000000000000000000000000000000000000000000000000000000000000000000000000000000
00000000000000000000000000000000000000000000000000000000000000000000000000000000000000000000000000000000000000000000000000000000000000000000000000000000000000000000000000000000000000000000000000000000
00000000000000000000000000000000000000000000000000000000000000000000000000000000000000000000000000000000000000000000000000000000000000000000000000000000000000000000000000000000000000000000000000000000
00000000000000000000000000000000000000000000000000000000000000000000000000000000000000000000000000000000000000000000000000000000000000000000000000000000000000000000000000000000000000000000000000000000
00000000000000000000000000000000000000000000000000000000000000000000000000000000000000000000000000000000000000000000000000000000000000000000000000000000000000000000000000000000000000000000000000000000
00000000000000000000000000000000000000000000000000000000000000000000000000000000000000000000000000000000000000000000000000000000000000000000000000000000000000000000000000000000000000000000000000000000
00000000000000000000000000000000000000000000000000000000000000000000000000000000000000000000000000000000000000000000000000000000000000000000000000000000000000000000000000000000000000000000000000000000
00000000000000000000000000000000000000000000000000000000000000000000000000000000000000000000000000000000000000000000000000000000000000000000000000000000000000000000000000000000000000000000000000000000
00000000000000000000000000000000000000000000000000000000000000000000000000000000000000000000000000000000000000000000000000000000000000000000000000000000000000000000000000000000000000000000000000000000
00000000000000000000000000000000000000000000000000000000000000000000000000000000000000000000000000000000000000000000000000000000000000000000000000000000000000000000000000000000000000000000000000000000
00000000000000000000000000000000000000000000000000000000000000000000000000000000000000000000000000000000000000000000000000000000000000000000000000000000000000000000000000000000000000000000000000000000
00000000000000000000000000000000000000000000000000000000000000000000000000000000000000000000000000000000000000000000000000000000000000000000000000000000000000000000000000000000000000000000000000000000
00000000000000000000000000000000000000000000000000000000000000000000000000000000000000000000000000000000000000000000000000000000000000000000000000000000000000000000000000000000000000000000000000000000
00000000000000000000000000000000000000000000000000000000000000000000000000000000000000000000000000000000000000000000000000000000000000000000000000000000000000000000000000000000000000000000000000000000
00000000000000000000000000000000000000000000000000000000000000000000000000000000000000000000000000000000000000000000000000000000000000000000000000000000000000000000000000000000000000000000000000000000
00000000000000000000000000000000000000000000000000000000000000000000000000000000000000000000000000000000000000000000000000000000000000000000000000000000000000000000000000000000000000000000000000000000
00000000000000000000000000000000000000000000000000000000000000000000000000000000000000000000000000000000000000000000000000000000000000000000000000000000000000000000000000000000000000000000000000000000
00000000000000000000000000000000000000000000000000000000000000000000000000000000000000000000000000000000000000000000000000000000000000000000000000000000000000000000000000000000000000000000000000000000
00000000000000000000000000000000000000000000000000000000000000000000000000000000000000000000000000000000000000000000000000000000000000000000000000000000000000000000000000000000000000000000000000000000
00000000000000000000000000000000000000000000000000000000000000000000000000000000000000000000000000000000000000000000000000000000000000000000000000000000000000000000000000000000000000000000000000000000
00000000000000000000000000000000000000000000000000000000000000000000000000000000000000000000000000000000000000000000000000000000000000000000000000000000000000000000000000000000000000000000000000000000
00000000000000000000000000000000000000000000000000000000000000000000000000000000000000000000000000000000000000000000000000000000000000000000000000000000000000000000000000000000000000000000000000000000
00000000000000000000000000000000000000000000000000000000000000000000000000000000000000000000000000000000000000000000000000000000000000000000000000000000000000000000000000000000000000000000000000000000
00000000000000000000000000000000000000000000000000000000000000000000000000000000000000000000000000000000000000000000000000000000000000000000000000000000000000000000000000000000000000000000000000000000
00000000000000000000000000000000000000000000000000000000000000000000000000000000000000000000000000000000000000000000000000000000000000000000000000000000000000000000000000000000000000000000000000000000
00000000000000000000000000000000000000000000000000000000000000000000000000000000000000000000000000000000000000000000000000000000000000000000000000000000000000000000000000000000000000000000000000000000
00000000000000000000000000000000000000000000000000000000000000000000000000000000000000000000000000000000000000000000000000000000000000000000000000000000000000000000000000000000000000000000000000000000
00000000000000000000000000000000000000000000000000000000000000000000000000000000000000000000000000000000000000000000000000000000000000000000000000000000000000000000000000000000000000000000000000000000
00000000000000000000000000000000000000000000000000000000000000000000000000000000000000000000000000000000000000000000000000000000000000000000000000000000000000000000000000000000000000000000000000000000
00000000000000000000000000000000000000000000000000000000000000000000000000000000000000000000000000000000000000000000000000000000000000000000000000000000000000000000000000000000000000000000000000000000
00000000000000000000000000000000000000000000000000000000000000000000000000000000000000000000000000000000000000000000000000000000000000000000000000000000000000000000000000000000000000000000000000000000
00000000000000000000000000000000000000000000000000000000000000000000000000000000000000000000000000000000000000000000000000000000000000000000000000000000000000000000000000000000000000000000000000000000
00000000000000000000000000000000000000000000000000000000000000000000000000000000000000000000000000000000000000000000000000000000000000000000000000000000000000000000000000000000000000000000000000000000
00000000000000000000000000000000000000000000000000000000000000000000000000000000000000000000000000000000000000000000000000000000000000000000000000000000000000000000000000000000000000000000000000000000
00000000000000000000000000000000000000000000000000000000000000000000000000000000000000000000000000000000000000000000000000000000000000000000000000000000000000000000000000000000000000000000000000000000
00000000000000000000000000000000000000000000000000000000000000000000000000000000000000000000000000000000000000000000000000000000000000000000000000000000000000000000000000000000000000000000000000000000
